1 10
100 200
201 210
900 100087454 721238
343906 767735
600809 588454
389653 660161
792690 652392
233293 599725
813309 169156
463414 379287
867628 528238
778341 382453
189540 419039
130511 209984
620146 193401
498978 967791
887930 81992
329427 832308
768747 711311
138951 117050
707010 417584
675373 162142
892377 956202
202439 333700
700799 464072
6060 462901
485670 300306
783429 757302
646770 69782
746543 177064
213381 774378
400974 646431
47244 416262
451508 39980
262931 220507
418682 476739
69116 31489
788567 691355
902427 609011
298639 574006
152302 592114
542135 452452
39632 417345
797923 36923
401182 794545
130468 53071
456058 807067
491968 343670
487524 401627
999859 12837
624965 338364
690822 445870
146790 813304
569155 88926
243986 751815
870438 613009
293383 646864
255661 659087
135936 733029
87047 401165
227022 835256
105378 498731
957943 783453
953833 441712
605017 250751
561234 409557
752288 5078
560083 575294
413472 668042
741445 921382
191550 154303
881802 879146
8528 850680
872423 593784
975694 649363
269366 927820
885750 244689
80840 661037
192596 700103
441351 536108
601122 665693
187556 757411
134032 537465
665652 421372
424091 636473
304140 590827
338225 545997
364743 648962
371054 122276
991730 86932
680211 802680
548307 277190
586660 822607
11689 24802
214144 316612
792785 725448
689197 836980
226606 850205
592551 558921
927316 575175
614858 430144
745720 842152
565957 119570
950814 491511
335310 120143
679481 769812
838853 270274
112926 425473
509340 707515
356906 179975
533132 231947
229544 996153
582349 86899
124871 978538
307605 224286
947583 820383
973443 830838
21900 463673
393273 310342
601858 246653
803795 560038
489390 593839
516765 507408
951777 710808
580192 796397
138531 539971
91628 688230
663819 806849
531165 559756
174265 536241
104282 292148
993195 588807
833366 266458
6101 92834
515089 469737
844050 39730
336881 938276
836773 586738
537917 676688
842707 490138
102657 539879
215392 46051
667978 513612
9133 315568
109656 505793
396557 520970
801651 455466
912176 733011
70528 142690
559741 456534
134438 574107
363513 404382
367744 422338
296974 97754
415435 151436
542150 115327
229065 126677
980725 68842
371108 369162
29856 789635
321550 222207
726029 615768
579949 147677
46266 517383
442225 70000
382950 477848
886939 997545
229234 810996
726334 366776
459206 74238
325919 372137
736471 149239
65040 145013
806826 884583
966721 830852
13211 944208
246546 722114
664831 499596
947664 937317
572634 72693
568473 351146
417557 86971
557579 252492
641998 549480
814145 960252
22905 645738
863508 151626
954201 859787
180788 366335
150413 715008
120459 177604
576636 642123
474678 7641
526450 187478
289092 91821
668366 155919
958209 468589
615470 698816
860418 672422
994640 993233
964270 65528
936154 57169
498930 739172
261486 184087
277628 494459
252900 855699
970663 161347
644921 670627
566176 659316
321964 956745
866217 970647
703822 715306
179645 4408
937293 939582
188704 717662
729597 527920
482409 106788
617969 892673
572944 581028
681244 143474
528054 650195
409200 553721
767211 870728
495523 186246
980688 997036
129545 892826
895016 165450
699428 166270
366759 573879
500241 654185
753144 200923
109662 112450
476999 639654
374091 838908
332283 726612
124273 984834
158554 791553
482933 800041
98249 735889
21176 543758
728401 787151
567195 54647
422872 589648
757417 926890
245770 533690
710060 333403
405407 528465
266215 104814
971028 860709
942600 692314
541467 482909
789733 514249
338713 418161
661852 672622
558545 740199
654060 272433
434532 783325
481588 425477
555148 251188
2654 36007
405807 902531
534319 304547
758390 280804
259513 598412
449169 659338
124389 815712
453649 727375
280325 916555
214267 582257
586117 824641
685886 114487
956052 955331
868661 218958
292781 967719
683112 485967
484024 504999
151672 291220
359331 109066
619411 280637
225754 925550
927400 462915
607181 430715
160983 404124
129576 536956
211759 116630
184708 378423
725403 198521
328452 196400
345846 541533
467132 612750
328986 846957
349456 682919
413115 506999
450625 331958
813472 397729
924972 386368
856484 550357
45757 425006
974159 155368
865309 533153
927019 907704
33972 877118
661664 209146
248857 90248
469159 427018
188802 411107
6693 750258
339301 894834
550073 704346
24008 3579
412750 735002
197039 688994
819630 788333
333124 873054
210487 469515
512431 411125
63596 323913
584795 535343
505753 231732
347844 736461
874124 963650
769822 962754
244088 772331
592767 355631
969267 247814
899825 596381
741248 695666
273833 192737
897870 572384
391585 987055
697940 582739
82811 587132
245364 522659
843079 933434
10055 139008
166125 814508
676180 510222
983738 978652
775206 574516
184053 189366
711078 858318
952011 959148
698892 539053
416176 571845
589493 714693
590566 758036
657902 608677
303393 281381
619671 113519
356918 122869
785057 199818
835392 793453
590573 155830
435564 319688
411967 91493
852155 694489
255438 880035
973626 389722
601634 432763
720093 2923
788095 204210
329283 617623
631831 560123
298007 701687
535929 517715
212229 369904
452386 213300
309937 683521
651702 635551
322231 579723
43659 394104
874576 926868
269525 77951
728466 247388
353091 571022
283536 673401
142680 388914
520981 721494
936836 676739
390664 568373
748842 350256
877146 919671
828371 452292
810528 521836
799037 796809
168880 495006
666995 114043
723765 950352
196369 858328
398040 710257
370641 991844
329413 723511
613633 952639
745611 338492
587443 322029
345159 233770
626668 752745
794391 26778
267478 482453
657258 60416
196207 59588
129965 266847
225840 668591
608399 527323
345729 566773
187064 901255
470364 959606
931701 244743
334511 894437
231410 231548
959813 835214
573129 56946
511790 597182
52068 243493
591363 47958
352087 632751
641507 582351
890434 666479
665036 441369
916074 758125
796035 342133
66149 764556
97227 167747
576591 669470
715212 663315
223676 675071
749583 296893
875495 839695
479101 569613
39070 477435
254560 924946
656328 890223
929942 980039
755545 262676
449796 484466
851892 998623
320287 900680
301171 887207
605710 226109
741693 431857
887875 853973
254741 443882
164354 315366
386656 883337
866153 848061
266246 393989
898773 48281
469393 310441
792805 234005
965537 752635
161004 91451
815016 618957
730195 789681
58800 495916
981017 9516
701156 504085
210592 140595
828330 420327
872873 84347
960637 279654
691478 2723
925870 609118
705976 824172
387294 860138
487240 402570
955062 986127
176463 441301
281944 471292
556108 761838
832496 790667
551556 703593
515769 338188
595546 384022
615181 243836
626667 556983
612601 626554
360611 567456
591091 142237
86246 928561
901083 655347
698000 48270
961414 900885
876439 801505
340993 119330
819812 281772
862164 471920
715030 329204
182806 652469
20964 394627
290229 147402
908411 633732
243035 765347
693089 268520
881998 916709
264493 138338
435660 435572
554969 453219
103429 544496
136216 613728
349654 279868
987672 75670
71019 929644
216697 7878
897860 148989
140652 25255
43880 96421
604137 93222
773612 731755
612324 468167
248006 678275
403476 907518
544459 349672
225764 515042
452293 279984
648614 319298
483652 450687
74797 563869
438542 982434
892310 189892
962117 183310
683672 378786
337166 282048
475812 163176
359745 735802
560089 157269
428688 961605
177356 794518
769168 749250
317204 596834
947380 691305
141887 11456
304910 611665
778682 671761
858907 88232
835954 779606
647205 914529
677139 865098
726599 427216
485024 728595
638677 208948
638575 26266
950919 807080
98502 114092
358880 344829
107686 726704
750904 848280
189132 915881
187290 207218
669801 93608
57817 9882
371558 139462
748730 182295
993824 550998
322154 915304
146056 138578
626643 751696
193504 301942
93343 749959
878946 858592
363222 230790
373044 83812
471113 920168
386247 577102
478731 380530
481516 93052
885706 392796
755587 461778
705709 451781
390469 633237
664642 840376
625222 878577
218467 759779
153762 707178
836689 669881
310605 855554
894169 548740
843333 311160
920705 237742
571963 941141
500106 220348
719218 923498
599461 342496
319506 997786
295884 239740
856487 859746
609738 306214
914533 587132
776384 506237
855134 832613
30025 630252
390706 191019
36698 626058
253897 280626
787526 396902
22931 170982
582118 801889
104377 79227
5168 670894
414855 605384
490869 319355
370671 233641
649811 895317
819512 608538
928350 963104
970337 729398
888617 705997
723660 217187
358804 938570
972927 479206
449719 930237
741962 443140
782844 58101
568694 83480
427183 210213
767624 874871
120559 35786
637207 907985
58678 748356
500550 936687
949893 788320
180546 15376
351922 880098
621134 710498
280856 212632
628447 877955
254800 91697
481158 468834
920411 976164
901716 691692
269859 176892
804333 468989
651888 121
121282 500168
195253 529701
993655 543850
448542 414064
823869 951465
199446 111085
654353 900888
329964 562343
518277 544566
441492 926255
442254 843896
89016 373749
461762 287254
152210 447166
698749 416255
333662 145999
457907 680183
162396 155204
972138 904969
193881 698017
698570 163136
769632 172986
393728 430071
344202 509753
264864 588615
610597 912170
595109 88713
693065 844020
328651 573083
379965 722926
357032 251785
453211 538927
654318 782329
325724 942501
892803 866716
203443 490306
601867 852838
958179 469609
24669 945801
242837 979789
438636 234281
347288 674042
744619 632466
921617 88086
18842 958766
723922 610600
78869 18098
257557 235374
613340 404907
500460 447500
864258 189245
326959 202270
764133 535267
414159 868937
535620 66696
482386 941874
162755 960627
355976 587275
902232 498001
136030 600604
426695 678781
46571 277478
199284 918899
51961 503597
79684 766994
985882 383999
17557 637001
158853 255027
829584 285498
52326 670684
670764 221397
876043 916668
688019 827735
100869 578556
625790 654227
253656 479756
336725 105279
90418 143200
803275 139286
146330 769363
254945 473162
817575 492405
100028 858504
23936 634138
480311 193714
959294 685681
627383 529202
104518 409102
709027 322915
311906 249672
381688 722124
642896 387416
388086 923992
786910 659019
512197 849215
229201 648775
96644 30822
423654 319740
279431 844999
702551 740350
777503 163244
269192 660032
904592 120936
59991 385164
428213 63698
859799 255157
971506 381731
32819 421789
384249 878772
528863 505567
230562 588638
563967 544227
926835 787894
897790 847160
111278 22911
906011 502131
573428 5060
570582 749949
61521 176497
803039 433439
827811 219715
236191 887714
778000 611572
737728 742981
639899 451762
409033 996734
156023 581519
130416 399366
44651 706079
949176 304074
310076 469397
983672 491799
556332 83134
685050 855355
701144 768857
678656 906944
370523 213426
480236 601548
301873 294657
714351 531173
489752 343982
434969 665203
763207 23451
806645 673649
847614 903182
765375 844321
191750 926150
19917 706628
984262 705818
906451 809143
508768 422645
88214 995838
661677 698089
822549 528657
557879 407866
106384 223167
486842 316493
129556 898900
527593 417770
968943 885998
678096 530660
355235 853363
653642 37175
852228 829973
113681 864462
887488 618668
741911 889353
327152 479237
10338 840650
115673 110634
410932 929969
327658 206316
210206 991372
509424 223933
923186 72737
675597 763420
100555 439748
698928 232218
875842 338694
714610 492449
537124 880147
296008 774118
58719 294768
555664 96287
407151 843974
166272 729087
463092 453210
47669 387254
355554 109563
170502 109908
199441 968368
566232 194507
806271 7611
667175 686909
408159 555220
831989 268087
646454 283683
572463 796272
450686 358520
68894 554270
993897 827351
605854 894301
190823 97836
156093 498819
870507 616104
872239 122749
426019 708566
254452 789135
334788 234998
951003 434729
209467 337928
326185 97279
796923 626616
973906 522467
143383 191809
53272 864753
556112 479170
90178 66608
919424 533597
163768 177629
653171 565099
155898 281021
59845 47519
423832 751958
180663 20649
637703 280602
397255 684552
172759 70480
145753 186952
556444 87795
147649 760164
224532 628282
295247 789316
125720 402036
253871 377690
103762 165021
478892 204836
581271 987285
250753 987823
393599 129817
744798 803621
575941 424885
69654 518561
565463 621878
116494 13355
773687 514311
992684 57211
339081 338243
309660 711604
841561 47675
80786 899761
111738 335635
165148 581662
736608 82978
470484 330652
525416 279764
698283 670604
356657 220519
891684 465895
562545 36213
119217 977565
725773 649689
412909 669126
599617 722303
950804 261598
997994 941792
954086 416917
127143 443943
165962 427209
221346 168955
452105 192786
85384 941908
305543 83128
978704 431177
515854 22154
566402 229016
260993 745645
769255 775582
979342 111803
607380 649626
919890 631366
527820 418813
742940 944933
44447 327173
581122 483809
589792 664217
162221 743070
117761 704483
127612 865686
360067 472348
168414 884886
755984 343155
549797 970468
78010 701847
872052 1482
820758 451105
961106 964628
96219 467815
2574 813617
276636 709252
416174 813590
105803 639912
485149 56411
708705 526311
348901 521431
535644 821438
115190 310458
232810 855140
2691 678530
455277 415992
17628 844968
670363 678512
564776 382270
395660 673528
395405 426733
15279 297256
659090 777169
779874 988750
251761 975517
862601 421023
544604 598395
174349 189407
519146 586178
525348 42523
294129 3160
127417 53579
205204 657081
160229 537591
84707 185504
665181 725649
365619 817927
353681 367384
499102 87556
131766 76383
459951 102851
701621 191705
513718 779296
449595 229519
216324 813250
275207 425981
862848 931733
60081 73500
791721 836114
73080 561734
30981 356233
801307 531115
51979 14937
370917 789382
971264 222737
759166 608315
88928 398874
756845 55013
955055 585111
582197 999833
825057 495053
413638 10460
451391 120298
991495 651409
823298 877153
345620 512360
745507 457109
526668 163083
401514 697470
348828 535246
878425 24430
149203 678609
474496 463037
486235 921428
279940 166017
575444 873570
